2
321
0
1
2
3
4
5
6
7
8
9
10
11
12
13
14
15
16
17
18
19
20
21
22
23
24
25
26
27
28
29
30
31
32
33
34
35
36
37
38
39
40
41
42
43
44
45
46
47
48
49
50
51
52
53
54
55
56
57
58
59
60
61
62
63
64
65
66
67
68
69
70
71
72
73
74
75
76
77
78
79
80
81
82
83
84
85
86
87
88
89
90
91
92
93
94
95
96
97
98
99
100
101
102
103
104
105
106
107
108
109
110
111
112
113
114
115
116
117
118
119
120
121
122
123
124
125
126
127
128
129
130
131
132
133
134
135
136
137
138
139
140
141
142
143
144
145
146
147
148
149
150
151
152
153
154
155
156
157
158
159
160
161
162
163
164
165
166
167
168
169
170
171
172
173
174
175
176
177
178
179
180
181
182
183
184
185
186
187
188
189
190
191
192
193
194
195
196
197
198
199
200
201
202
203
204
205
206
207
208
209
210
211
212
213
214
215
216
217
218
219
220
221
222
223
224
225
226
227
228
229
230
231
232
233
234
235
236
237
238
239
240
241
242
243
244
245
246
247
248
249
250
251
252
253
254
255
256
257
258
259
260
261
262
263
264
265
266
267
268
269
270
271
272
273
274
275
276
277
278
279
280
281
282
283
284
285
286
287
288
289
290
291
292
293
294
295
296
297
298
299
300
301
302
303
304
305
306
307
308
309
310
311
312
313
314
315
316
317
318
319
320
407
0 1 3
1 2 2
1 222 3
2 3 4
3 4 4
4 5 4
5 6 3
6 7 4
7 8 4
8 9 3
9 10 3
9 135 4
9 188 2
10 11 3
11 12 3
12 13 2
12 60 4
12 95 3
13 14 3
14 15 2
14 61 3
14 83 2
15 16 2
16 17 2
16 62 2
16 78 1
16 149 3
16 150 2
17 18 2
17 37 2
17 38 3
17 63 3
18 19 2
18 37 2
18 93 2
19 20 2
19 63 3
19 92 2
19 93 2
19 148 3
20 21 2
21 22 2
21 63 3
21 80 3
21 171 3
21 277 17
22 23 2
23 24 4
23 65 4
23 91 3
23 277 10
24 25 3
25 26 3
27 28 2
28 29 3
29 30 2
30 31 3
31 32 3
32 33 2
33 34 3
33 146 3
33 181 3
34 35 3
34 112 6
34 147 9
34 209 1
35 36 2
35 79 2
35 84 2
36 37 2
37 84 3
38 39 2
38 81 3
38 83 3
38 93 3
39 40 4
39 81 2
39 82 2
40 41 3
40 172 2
40 207 3
41 42 3
42 43 3
43 44 4
43 185 4
43 186 3
44 45 2
45 46 4
45 257 6
45 258 2
46 47 2
47 48 3
48 49 5
48 180 2
50 51 2
51 52 3
52 53 2
52 248 3
52 249 4
53 54 4
54 55 8
55 56 3
56 57 3
57 58 3
57 71 2
57 190 3
57 191 3
58 59 4
58 74 5
58 190 3
59 60 3
59 61 5
59 76 5
59 139 3
60 74 3
60 75 2
60 209 4
61 62 2
61 75 3
61 76 5
61 77 3
61 84 3
63 64 3
63 81 3
63 91 6
63 127 3
64 65 2
65 66 2
65 182 3
65 278 3
66 67 3
67 68 3
67 201 3
67 202 2
68 69 3
69 70 2
71 72 2
72 73 2
73 74 3
74 210 3
76 209 2
77 78 2
79 80 3
79 147 2
79 148 3
80 91 2
80 92 2
81 93 3
81 113 2
81 127 3
82 83 2
82 150 2
82 151 3
83 94 2
84 112 2
85 86 2
86 87 2
87 88 2
88 89 4
88 143 4
88 198 3
89 90 2
90 91 5
91 170 2
94 95 3
95 96 3
95 208 4
96 97 2
97 98 2
98 99 2
99 100 3
99 187 3
99 188 3
100 101 2
101 102 2
102 103 3
103 104 3
104 197 3
105 106 3
106 107 3
107 108 3
107 109 3
107 249 4
108 109 3
109 110 3
109 212 3
110 111 4
111 112 2
111 181 2
111 193 4
111 210 3
111 211 3
112 210 4
113 114 3
113 127 2
113 172 2
114 115 4
115 116 3
115 174 2
115 183 4
115 205 1
116 117 3
117 118 3
118 119 3
118 282 3
119 120 4
119 218 4
119 219 2
119 283 2
120 121 2
122 123 4
123 124 3
123 303 3
123 304 3
124 125 3
125 126 3
126 127 3
126 182 4
126 183 4
126 278 3
126 279 3
127 183 4
127 252 3
128 129 4
129 130 4
130 131 2
131 132 2
132 133 3
133 134 3
134 135 3
135 136 4
135 189 2
136 137 3
137 138 2
138 139 4
139 306 2
140 141 3
141 142 3
142 143 3
143 144 2
143 163 3
144 145 3
144 167 2
144 168 3
145 146 2
145 147 7
145 167 4
146 147 2
146 170 4
146 251 5
147 170 3
147 171 3
148 149 1
148 171 2
151 152 4
152 153 2
152 207 3
152 208 2
153 154 3
154 155 2
155 156 2
155 186 2
155 187 3
156 157 3
157 158 2
158 159 3
159 160 2
160 161 3
161 196 5
161 197 3
162 163 3
163 164 3
163 233 3
163 234 4
164 165 2
165 166 3
166 167 2
167 215 3
167 235 4
168 169 3
169 170 3
170 171 2
172 173 3
172 206 2
173 174 4
174 175 3
174 184 3
174 253 2
175 176 2
176 177 3
177 178 2
178 179 2
179 180 3
183 204 5
183 205 3
183 221 3
183 280 5
184 185 3
188 226 3
189 190 3
189 306 3
189 307 3
190 236 3
191 192 3
192 193 3
194 195 4
195 196 5
198 199 3
199 200 3
200 201 3
202 203 2
203 204 3
205 206 2
205 252 3
209 210 2
211 212 2
212 213 3
212 250 4
213 214 2
214 215 4
215 275 3
215 276 4
216 217 3
217 218 3
219 220 3
220 221 3
222 223 4
223 224 2
224 225 3
225 226 4
227 228 5
228 229 2
229 230 3
230 231 2
231 232 3
232 233 4
234 235 3
236 237 2
237 238 3
238 239 3
239 240 3
240 241 3
242 243 3
243 244 3
244 245 4
245 246 3
246 247 3
247 248 3
250 251 2
253 254 3
254 255 3
255 256 2
256 257 5
258 259 2
259 260 4
260 261 4
261 262 3
262 263 3
263 264 5
265 266 9
266 267 4
267 268 3
268 269 2
269 270 3
270 271 6
271 272 3
272 273 2
273 274 3
274 275 3
276 277 5
279 280 3
280 281 2
280 305 3
281 282 3
283 284 5
284 285 3
285 286 2
286 287 3
287 288 3
288 289 3
289 290 2
290 291 3
291 292 3
292 293 3
293 294 2
294 295 3
295 296 2
296 297 2
298 299 5
299 300 3
300 301 3
301 302 3
302 303 4
304 305 3
307 308 3
308 309 3
309 310 5
310 311 3
311 312 3
312 313 3
313 314 5
314 315 4
315 316 3
316 317 3
317 318 3
318 319 2
319 320 4